[18, 16, 76, 6, 19, 78, 87, 9, 20, 15, 16, 79, 2, 82, 27, 10, 4, 66, 2, 12, 77, 7, 11, 24, 79, 72, 21, 84, 31, 8, 0, 72, 78, 30, 2, 65, 6, 29, 6, 77, 84, 11, 10, 2, 2, 16, 25, 69, 16, 22, 77, 79, 58, 0, 83, 67, 0, 78, 67, 14, 30, 29, 10, 82, 70, 18, 23, 27, 1, 23, 0, 27, 14, 69, 67, 28, 12, 29, 22, 10, 82, 13, 17, 116, 78, 25, 6, 26, 17, 77, 14, 85, 23, 79, 8, 78, 84, 55, 20, 5, 11, 23, 67, 83, 84, 27, 72, 7, 14, 0, 14, 77]
[3, 13, 69, 67, 15, 7, 67, 3, 65, 23, 28, 6, 28, 71, 84, 9, 7, 79, 27, 1, 77, 41, 0, 23, 89, 93, 90, 81, 87, 0, 7, 72, 78, 30, 2, 65, 25, 17, 85, 14, 82, 26, 31, 25, 31, 18, 6, 4, 2, 27, 75, 82, 36, 69, 67, 2, 15, 78, 68, 19, 5, 5, 10, 0, 7, 65, 15, 27, 27, 82, 79, 18, 72, 3, 65, 0, 22, 20, 66, 6, 19, 82, 66, 21, 13, 87, 45, 21, 6, 0, 35, 79, 10, 10, 15]
[3, 13, 69, 67, 2, 7, 80, 14, 4, 17, 0, 10, 10, 84, 84, 24, 23, 79, 10, 0, 14, 7, 1, 82, 66, 72, 21, 65, 87, 30, 17, 9, 75, 81, 16, 15, 13, 6, 12, 29, 84, 10, 0, 3, 80, 20, 24, 2, 29, 1, 71, 84, 63, 8, 0, 15, 14, 1, 75, 18, 76, 18, 28, 0, 1, 14, 12, 16, 79, 19, 83, 84, 11, 12, 80, 6, 16, 31, 22, 0, 10, 84, 17, 69, 82, 24, 13, 1, 11, 69, 5, 0, 6, 22, 71, 65, 84, 1, 21, 27, 1, 11, 3, 0, 17, 1, 67, 16, 24, 2, 31, 73, 27, 6, 82, 4, 9, 71, 27, 27, 4, 17, 27, 77, 13, 13, 114, 63, 10, 12, 30, 29, 80, 104, 59, 27, 1, 8, 28]
[14, 10, 85, 67, 5, 1, 78, 65, 21, 67, 3, 14, 28, 84, 84, 28, 10, 0, 12, 0, 20, 66, 4, 82, 83, 84, 65, 0, 24, 15, 84, 11, 65, 3, 85, 10, 11, 13, 6, 77, 70, 17, 0, 0, 80, 20, 84, 2, 7, 10, 14, 87, 63, 10, 0, 16, 17, 11, 67, 8, 13, 31, 6, 90, 3, 18, 67, 29, 1, 82, 83, 0, 13, 4, 76, 7, 27, 10, 66, 6, 19, 82, 66, 21, 13, 87, 36, 21, 26, 67, 65, 114, 11, 27, 2, 78, 22, 23, 19, 14, 78, 6, 11, 77, 25, 10, 78, 22, 8, 28, 12, 0, 27, 6, 82, 38, 9, 73, 4, 25, 8, 23]
[3, 13, 69, 17, 4, 78, 65, 20, 4, 67, 0, 24, 29, 0, 0, 17, 21, 69, 29, 85, 2, 4, 69, 17, 82, 72, 69, 84, 24, 14, 6, 9, 80, 25, 12, 65, 67, 84, 1, 5, 65, 23, 79, 26, 24, 28, 23, 13, 82, 4, 71, 76, 59, 69, 75, 6, 4, 30, 0, 18, 9, 16, 29, 69, 18, 18, 67, 7, 14, 20, 69, 84, 14, 23, 79, 3, 85, 20, 13, 16, 0, 0, 93, 92, 84, 3, 5, 17, 72, 83, 8, 83, 16, 10, 21, 12, 84, 19, 15, 13, 78, 17, 12, 65, 0, 79, 87, 10, 8, 17, 3, 0, 3, 1, 30, 9, 69, 75, 17, 12, 29, 69, 0, 69, 78, 82, 55, 27, 17, 69, 1, 21, 70, 45, 65, 20, 30, 10, 20]
[3, 13, 69, 17, 4, 78, 65, 20, 4, 67, 0, 24, 29, 0, 0, 17, 21, 69, 29, 85, 2, 4, 69, 17, 89, 65, 65, 79, 16, 27, 21, 24, 72, 8, 79, 65, 1, 26, 16, 77, 84, 11, 14, 25, 80, 20, 24, 9, 29, 4, 93, 0, 35, 13, 69, 67, 38, 1, 86, 4, 30, 29, 2, 69, 8, 21, 67, 0, 0, 82, 85, 7, 13, 69, 66, 28, 0, 25, 7, 69, 20, 79, 67, 86, 69, 87, 29, 27, 72, 66, 19, 69, 5, 4, 71, 84, 28, 23, 65, 10, 1, 1, 1, 12, 84, 14, 78, 6, 65, 29, 5, 69, 84, 28, 26, 4, 17, 0, 6, 12, 28, 16, 26, 82, 72, 83, 114, 27, 10, 0, 82, 51, 79, 62, 4, 0, 2, 8, 28]
[0, 0, 0, 0, 0, 0, 0, 21, 4, 6, 84, 27, 26, 69, 84, 24, 10, 73, 0, 1, 77, 21, 13, 23, 82, 84, 21, 84, 31, 12, 84, 11, 72, 24, 5, 65, 7, 7, 85, 24, 78, 11, 14, 29, 0, 12, 84, 12, 20, 83, 79, 0, 32, 23, 79, 13, 6, 78, 66, 8, 24, 83, 6, 83, 70, 18, 6, 26, 27, 82, 65, 26, 12, 69, 67, 1, 27, 30, 23, 8, 23, 83, 17, 88, 79, 5, 12, 84, 24, 79, 22, 69, 22, 79, 1, 82, 27, 31, 65, 29, 6, 0, 68, 69, 26, 25, 73, 16, 14, 28, 6, 69, 26, 28, 82, 72, 69, 97, 16, 0, 77, 54, 27, 65, 64, 73, 32]
[22, 69, 8, 19, 19, 7, 86, 7, 21, 6, 89, 4, 23, 89, 93, 72, 69, 69, 0, 22, 31, 27, 21, 6, 73, 94, 91, 0, 4, 10, 28, 13, 77, 20, 85, 18, 26, 21, 1, 8, 83, 67, 92, 77, 17, 25, 19, 10, 0, 26, 90, 72, 58, 22, 12, 67, 15, 15, 77, 4, 0, 10, 79, 65, 70, 17, 17, 27, 12, 23, 68, 1, 26, 0, 0, 8, 26, 31, 66, 2, 23, 78, 84, 71, 65, 3, 0, 26, 15, 0, 10, 69, 29, 28, 75, 0, 21, 82, 17, 27, 1, 6, 1, 68, 1, 29, 69, 66, 7, 29, 25, 0, 17, 6, 17, 23, 28, 80, 0, 0, 3, 2, 95, 0, 76, 78, 54, 79, 3, 69, 2, 6, 79, 43, 4, 22, 25, 23, 28]
[119, 49, 72, 6, 65, 45, 79, 8, 2, 10, 7, 10, 82, 111, 12, 14, 10, 82, 10, 49, 4, 1, 17, 27, 79, 95, 84, 82, 14, 73, 92, 90, 16, 65, 67, 72, 78, 16, 16, 130, 140, 226, 1, 8, 3, 85, 23, 23, 11, 3, 90, 79, 119, 4, 83, 67, 21, 6, 69, 65, 13, 1, 27, 0, 9, 7, 67, 84, 24, 0, 73, 0, 1, 11, 71, 78, 26, 77, 16, 69, 1, 79, 93, 67, 73, 25, 14, 84, 11, 79, 5, 69, 23, 65, 71]
[3, 13, 69, 67, 18, 11, 67, 20, 4, 23, 84, 2, 23, 83, 7, 9, 2, 69, 78, 28, 30, 88, 69, 37, 72, 84, 91, 0, 2, 26, 29, 6, 71, 81, 20, 65, 29, 0, 7, 8, 65, 14, 79, 14, 25, 5, 28, 0, 0, 95, 14, 78, 50, 19, 69, 17, 65, 27, 83, 4, 76, 7, 7, 69, 70, 10, 6, 13, 79, 31, 79, 6, 13, 69, 84, 6, 20, 3, 66, 10, 28, 67, 84]
